17.99 0.1471
20.57 0.07017
19.69 0.1279
11.42 0.1052
20.29 0.1043
12.45 0.08089
18.25 0.074
13.71 0.05985
13.0 0.09353
12.46 0.08543
16.02 0.03323
15.78 0.06606
19.17 0.1118
15.85 0.05364
13.73 0.08025
14.54 0.07364
14.68 0.05259
16.13 0.1028
19.81 0.09498
13.54 0.04781
13.08 0.0311
9.504 0.02076
15.34 0.09756
21.16 0.08632
16.65 0.0917
17.14 0.1401
14.58 0.08783
18.61 0.07731
15.3 0.08751
17.57 0.07953
18.63 0.1244
11.84 0.05182
17.02 0.1203
19.27 0.07593
16.13 0.07752
16.74 0.06018
14.25 0.05598
13.03 0.02923
14.99 0.02899
13.48 0.05439
13.44 0.02031
10.95 0.05669
19.07 0.09961
13.28 0.06158
13.17 0.05252
18.65 0.1009
8.196 0.005917
13.17 0.0734
12.05 0.02749
13.49 0.03384
11.76 0.01115
13.64 0.01723
11.94 0.01349
18.22 0.106
15.1 0.03334
11.52 0.02278
19.21 0.08994
14.71 0.08123
13.05 0.004167
8.618 0.007799
10.17 0.0129
8.598 0.009259
14.25 0.08653
9.173 0.0218
12.68 0.06873
14.78 0.09029
9.465 0.01504
11.31 0.0223
9.029 0.04375
12.78 0.02864
18.94 0.07951
8.888 0.02872
17.2 0.07944
13.8 0.05069
12.31 0.02272
16.07 0.06638
13.53 0.06556
18.05 0.108
20.18 0.1604
12.86 0.02315
11.45 0.02233
13.34 0.06987
25.22 0.1845
19.1 0.1469
12.0 0.01863
18.46 0.08795
14.48 0.04938
19.02 0.08271
12.36 0.03745
14.64 0.07064
14.62 0.02957
15.37 0.07483
13.27 0.02648
13.45 0.0278
15.06 0.08815
20.26 0.08683
12.18 0.02941
9.787 0.007937
11.6 0.0335
14.42 0.05839
13.61 0.04489
6.981 0.0
12.18 0.0177
9.876 0.03029
10.49 0.01201
13.11 0.09601
11.64 0.03485
12.36 0.01921
22.27 0.1823
11.34 0.01899
9.777 0.01778
12.63 0.06021
14.26 0.07798
10.51 0.03068
8.726 0.01924
11.93 0.02008
8.95 0.02308
14.87 0.08923
15.78 0.09479
17.95 0.05596
11.41 0.02623
18.66 0.08665
24.25 0.2012
14.5 0.05778
13.37 0.028
13.85 0.01141
13.61 0.03085
19.0 0.05627
15.1 0.08534
19.79 0.1149
12.19 0.02882
15.46 0.08087
16.16 0.05613
15.71 0.05933
18.45 0.06847
12.77 0.02704
11.71 0.026
11.43 0.02875
14.95 0.08624
11.28 0.04796
9.738 0.0
16.11 0.05943
11.43 0.01861
12.9 0.03088
10.75 0.007875
11.9 0.03003
11.8 0.07415
14.95 0.03562
14.44 0.05532
13.74 0.01329
13.0 0.02645
8.219 0.02168
9.731 0.07857
11.15 0.01786
13.15 0.03483
12.25 0.02331
17.68 0.1054
16.84 0.02771
12.06 0.01963
10.9 0.006588
11.75 0.03738
19.19 0.09667
19.59 0.1286
12.34 0.02822
23.27 0.09702
14.97 0.01939
10.8 0.01698
16.78 0.06576
17.47 0.1043
14.97 0.03781
12.32 0.037
13.43 0.03438
15.46 0.1097
11.08 0.02583
10.66 0.0
8.671 0.0
9.904 0.03716
16.46 0.08866
13.01 0.001852
12.81 0.0133
27.22 0.1878
21.09 0.1496
15.7 0.05189
11.41 0.02361
15.28 0.03263
10.08 0.002404
18.31 0.05814
11.71 0.03239
11.81 0.01553
12.3 0.01654
14.22 0.06618
12.77 0.02864
9.72 0.0
12.34 0.04562
14.86 0.08878
12.91 0.02377
13.77 0.06526
18.08 0.05778
19.18 0.06772
14.45 0.0598
12.23 0.04107
17.54 0.07488
23.29 0.162
13.81 0.09176
12.47 0.03821
15.12 0.04079
9.876 0.01952
17.01 0.0539
13.11 0.05102
15.27 0.03157
20.58 0.09561
11.84 0.01393
28.11 0.1595
17.42 0.06597
14.19 0.06462
13.86 0.05602
11.89 0.03142
10.2 0.01071
19.8 0.08691
19.53 0.06637
13.65 0.02563
13.56 0.04451
10.18 0.01915
15.75 0.06462
13.27 0.02456
14.34 0.04603
10.44 0.01216
15.0 0.0378
12.62 0.02036
12.83 0.06861
17.05 0.109
11.32 0.003125
11.22 0.006434
20.51 0.0834
9.567 0.01667
14.03 0.01896
23.21 0.1237
20.48 0.06022
14.22 0.04408
17.46 0.08811
13.64 0.03731
12.42 0.01108
11.3 0.02854
13.75 0.02344
19.4 0.08886
10.48 0.0307
13.2 0.01105
12.89 0.0398
10.65 0.01615
11.52 0.02929
20.94 0.131
11.5 0.02069
19.73 0.0974
17.3 0.08353
19.45 0.08591
13.96 0.05246
19.55 0.1144
15.32 0.1242
15.66 0.1377
15.53 0.08399
20.31 0.09333
17.35 0.02837
17.29 0.07507
15.61 0.02847
17.19 0.06527
20.73 0.08646
10.6 0.02642
13.59 0.02142
12.87 0.01615
10.71 0.02867
14.29 0.00625
11.29 0.02755
21.75 0.1088
9.742 0.01407
17.93 0.04744
11.89 0.07404
11.33 0.003333
18.81 0.05843
13.59 0.01238
13.85 0.03711
19.16 0.09664
11.74 0.02763
19.4 0.09464
16.24 0.09052
12.89 0.0339
12.58 0.002924
11.94 0.03791
12.89 0.01171
11.26 0.05588
11.37 0.02173
14.41 0.06602
14.96 0.04819
12.95 0.0337
11.85 0.0228
12.72 0.01924
13.77 0.01917
10.91 0.01369
11.76 0.03515
14.26 0.01374
10.51 0.01875
19.53 0.1062
12.46 0.03099
20.09 0.128
10.49 0.0178
11.46 0.01502
11.6 0.01313
13.2 0.003261
9.0 0.003472
13.5 0.004419
13.05 0.008829
11.7 0.01148
14.61 0.01877
12.76 0.02548
11.54 0.008907
8.597 0.0
12.49 0.006423
12.18 0.005051
18.22 0.0795
9.042 0.04908
12.43 0.01699
10.25 0.03965
20.16 0.07726
12.86 0.034
20.34 0.1504
12.2 0.01692
12.67 0.02107
14.11 0.02733
12.03 0.005592
16.27 0.08488
16.26 0.07981
16.03 0.07041
12.98 0.0295
11.22 0.007583
11.25 0.002941
12.3 0.008535
17.06 0.09934
12.99 0.02098
18.77 0.0609
10.05 0.01775
23.51 0.141
14.42 0.04223
9.606 0.02292
11.06 0.03341
19.68 0.1103
11.71 0.0325
10.26 0.02037
12.06 0.008488
14.76 0.03528
11.47 0.02322
11.95 0.01787
11.66 0.01162
15.75 0.1242
25.73 0.1913
15.08 0.06553
11.14 0.01471
12.56 0.04391
13.05 0.05603
13.87 0.02088
8.878 0.02381
9.436 0.01406
12.54 0.005449
13.3 0.02424
12.76 0.01781
16.5 0.04835
13.4 0.01473
20.44 0.07785
20.2 0.1265
12.21 0.02027
21.71 0.08465
22.01 0.1501
16.35 0.08773
15.19 0.02657
21.37 0.1255
20.64 0.08941
13.69 0.02031
16.17 0.05397
10.57 0.05941
13.46 0.01117
13.66 0.02471
11.08 0.06367
11.27 0.0555
11.04 0.02074
12.05 0.02978
12.39 0.0288
13.28 0.02864
14.6 0.05271
12.21 0.02534
13.88 0.008507
11.27 0.02757
19.55 0.1021
10.26 0.01968
8.734 0.0
15.49 0.09113
21.61 0.1562
12.1 0.03326
14.06 0.03251
13.51 0.05381
12.8 0.04083
11.06 0.007246
11.8 0.01638
17.91 0.1198
11.93 0.01796
12.96 0.01883
12.94 0.0239
12.34 0.02054
10.94 0.02932
16.14 0.04528
12.85 0.01867
17.99 0.08824
12.27 0.02653
11.36 0.021
11.04 0.0248
9.397 0.005128
14.99 0.03876
15.13 0.02739
11.89 0.02179
9.405 0.01257
15.5 0.08481
12.7 0.02402
11.16 0.01076
11.57 0.01428
14.69 0.063
11.61 0.04497
13.66 0.04812
9.742 0.01967
10.03 0.005159
10.48 0.02218
10.8 0.01404
11.13 0.0137
12.72 0.01835
14.9 0.09711
12.4 0.02799
20.18 0.1259
18.82 0.08744
14.86 0.02877
13.98 0.06463
12.87 0.0209
14.04 0.02944
13.85 0.02293
14.02 0.02652
10.97 0.03613
17.27 0.05736
13.78 0.009937
10.57 0.01111
18.03 0.06254
11.99 0.04274
17.75 0.08293
14.8 0.0226
14.53 0.02925
21.1 0.1155
11.87 0.02386
19.59 0.09063
12.0 0.01945
14.53 0.06495
12.62 0.02272
13.38 0.03264
11.63 0.02017
13.21 0.02068
13.0 0.01762
9.755 0.01043
17.08 0.06431
27.42 0.1689
14.4 0.01737
11.6 0.01777
13.17 0.0287
13.24 0.02833
13.14 0.0351
9.668 0.005769
17.6 0.1002
11.62 0.05564
9.667 0.01514
12.04 0.02377
14.92 0.03221
12.27 0.0
10.88 0.01571
12.83 0.03078
14.2 0.03058
13.9 0.01339
11.49 0.01969
16.25 0.09194
12.16 0.01527
13.9 0.0207
13.47 0.05266
13.7 0.0316
15.73 0.06211
12.45 0.04846
14.64 0.02791
19.44 0.1194
11.68 0.03132
16.69 0.02307
12.25 0.01261
17.85 0.04178
18.01 0.07762
12.46 0.01149
13.16 0.01256
14.87 0.04951
12.65 0.05074
12.47 0.02369
18.49 0.09183
20.59 0.1121
15.04 0.06142
13.82 0.06759
12.54 0.03279
23.09 0.1003
9.268 0.05252
9.676 0.07038
12.22 0.02166
11.06 0.04268
16.3 0.04563
15.46 0.0852
11.74 0.02639
14.81 0.02541
13.4 0.08172
14.58 0.04349
15.05 0.04335
11.34 0.02594
18.31 0.09451
19.89 0.09431
12.88 0.05303
12.75 0.02995
9.295 0.02421
24.63 0.1471
11.26 0.005664
13.71 0.03783
9.847 0.02416
8.571 0.0151
13.46 0.03152
12.34 0.02647
13.94 0.06615
12.07 0.02798
11.75 0.0444
11.67 0.02157
13.68 0.0188
20.47 0.1015
10.96 0.02788
20.55 0.1322
14.27 0.06139
11.69 0.04531
7.729 0.0
7.691 0.01364
11.54 0.02594
14.47 0.0389
14.74 0.03027
13.21 0.03275
13.87 0.02369
13.62 0.02443
10.32 0.005495
10.26 0.02438
9.683 0.009615
10.82 0.00816
10.86 0.0
11.13 0.02257
12.77 0.01499
9.333 0.01282
12.88 0.02343
10.29 0.02738
10.16 0.01116
9.423 0.0
14.59 0.03736
11.51 0.04105
14.05 0.04304
11.2 0.0
15.22 0.09429
20.92 0.1474
21.56 0.1389
20.13 0.09791
16.6 0.05302
20.6 0.152
7.76 0.0