0.639985770188545 0.7311133200795229
0.7317680540732836 0.34875745526838964
0.7004624688722875 0.6356858846918491
0.40626111704019924 0.5228628230616302
0.7218071860547848 0.5183896620278331
0.4429028815368196 0.402037773359841
0.6492351476342939 0.36779324055666
0.48772678762006405 0.2974652087475149
0.4624688722874422 0.4648608349900597
0.4432586268231946 0.42460238568588476
0.5699039487726788 0.16515904572564613
0.5613660618996799 0.3283300198807157
0.6819637139807898 0.5556660039761432
0.5638562789043046 0.26660039761431414
0.488438278192814 0.3988568588469185
0.5172536463891854 0.3660039761431412
0.5222340803984348 0.26138170974155067
0.5738171469228033 0.5109343936381711
0.7047314123087869 0.4720675944333996
0.48167911775168976 0.23762425447316105
0.46531483457844186 0.15457256461232605
0.33810032017075775 0.10318091451292247
0.5457132692991818 0.4848906560636183
0.752757025969406 0.4290258449304175
0.5923159018143009 0.455765407554672
0.6097474208466738 0.6963220675944335
0.5186766275346851 0.436530815109344
0.6620419779437923 0.38424453280318094
0.544290288153682 0.43494035785288276
0.6250444681607968 0.3952783300198808
0.6627534685165422 0.6182902584493042
0.42120241906794736 0.2575546719681909
0.6054784774101744 0.5979125248508946
0.6855211668445393 0.37738568588469185
0.5738171469228033 0.38528827037773367
0.5955176093916755 0.29910536779324054
0.5069370330843116 0.27823061630218693
0.46353610814656704 0.14527833001988072
0.5332621842760583 0.1440854870775348
0.4795446460334401 0.27032803180914516
0.4781216648879402 0.10094433399602387
0.3895410885805763 0.2817594433399602
0.6784062611170403 0.4950795228628231
0.4724297403059409 0.30606361829025847
0.46851654215581645 0.2610337972166998
0.663464959089292 0.5014910536779325
0.29156883671291356 0.029408548707753484
0.46851654215581645 0.3648111332007953
0.42867307008182143 0.13663021868787278
0.47990039131981505 0.16819085487077537
0.4183564567769477 0.05541749502982108
0.4852365706154394 0.08563618290258448
0.4247598719316969 0.06704771371769384
0.648167911775169 0.5268389662027834
0.5371753824261829 0.1657057654075547
0.40981856990394877 0.113220675944334
0.6833866951262896 0.4470178926441352
0.5233013162575596 0.40372763419483104
0.464247598719317 0.02071073558648111
0.3065812877979367 0.038762425447316104
0.3617929562433298 0.06411530815109344
0.3058697972251868 0.046018886679920476
0.5069370330843116 0.4300695825049702
0.3263251511917467 0.10834990059642148
0.4510850231234436 0.34160039761431416
0.5257915332621843 0.44875745526838967
0.33671291355389543 0.07475149105367794
0.4023479188900747 0.11083499005964216
0.32120241906794733 0.21744532803180913
0.45464247598719315 0.14234592445328031
0.6737815723941658 0.3951789264413519
0.31618641053006047 0.14274353876739562
0.6118818925649235 0.394831013916501
0.4909284951974387 0.2519383697813121
0.4379224475275703 0.11292246520874752
0.5716826752045535 0.3299204771371769
0.4813233724653148 0.325844930417495
0.6421202419067947 0.536779324055666
0.7178939879046603 0.7972166998011928
0.4574884382781928 0.11505964214711731
0.40732835289932406 0.11098409542743538
0.4745642120241907 0.3472664015904573
0.8971896122376378 0.9169980119284294
0.6794734969761651 0.7301192842942347
0.42689434364994666 0.0925944333996024
0.6567057986481679 0.43712723658051694
0.5151191746709356 0.24542743538767398
0.6766275346851655 0.41108349900596425
0.439701173959445 0.18613320079522863
0.5208110992529349 0.3510934393638171
0.520099608680185 0.14696819085487078
0.5467805051583067 0.3719184890656064
0.472073995019566 0.131610337972167
0.47847741017431517 0.13817097415506957
0.535752401280683 0.4381212723658052
0.72073995019566 0.43156063618290263
0.43329775880469584 0.14617296222664017
0.34816791177516904 0.03944831013916501
0.4126645321949484 0.1665009940357853
0.5129847029526858 0.29020874751491055
0.48416933475631446 0.2231113320079523
0.24834578441835645 0.0
0.43329775880469584 0.08797216699801194
0.35133404482390607 0.15054671968190855
0.3731768054073284 0.05969184890656064
0.4663820704375667 0.4771868787276342
0.41408751334044824 0.17321073558648112
0.439701173959445 0.09547713717693838
0.792244752757026 0.9060636182902585
0.4034151547491996 0.09438369781312128
0.347812166488794 0.08836978131212725
0.44930629669156885 0.2992544731610338
0.5072927783706865 0.3875745526838966
0.3738882959800783 0.15248508946322067
0.3104233368907862 0.09562624254473162
0.42440412664532196 0.09980119284294235
0.3183920313055852 0.1147117296222664
0.5289932408395589 0.44348906560636187
0.5613660618996799 0.4711232604373758
0.6385627890430452 0.2781312127236581
0.4059053717538243 0.13036779324055667
0.6638207043756671 0.4306660039761432
0.8626823194592672 1.0
0.5158306652436855 0.2871769383697813
0.4756314478833155 0.13916500994035785
0.4927072216293134 0.05670974155069583
0.48416933475631446 0.1533300198807157
0.6759160441124156 0.2796719681908549
0.5371753824261829 0.424155069582505
0.704019921736037 0.5710735586481114
0.4336535040910708 0.14324055666003976
0.5499822127356813 0.40193836978131214
0.5748843827819281 0.2789761431411531
0.5588758448950552 0.2948807157057654
0.656350053361793 0.34030815109343937
0.4542867307008182 0.13439363817097416
0.41657773034507295 0.12922465208747516
0.4066168623265742 0.14289264413518887
0.5318392031305585 0.4286282306163022
0.4012806830309498 0.23836978131212727
0.34642475987193166 0.0
0.5731056563500534 0.2953777335984095
0.4066168623265742 0.09249502982107358
0.4589114194236927 0.15347912524850896
0.3824261828530772 0.039140159045725646
0.42333689078619713 0.14925447316103382
0.41977943792244754 0.36853876739562624
0.5318392031305585 0.17703777335984094
0.5136961935254358 0.27495029821073563
0.48879402347918893 0.06605367793240557
0.4624688722874422 0.13146123260437376
0.29238705087157596 0.10775347912524852
0.34617573817146924 0.390506958250497
0.39665599430807547 0.08876739562624256
0.46780505158306657 0.17311133200795228
0.43578797580932055 0.11585487077534792
0.6289576663109214 0.5238568588469185
0.5990750622554252 0.13772365805168987
0.42902881536819637 0.09756461232604376
0.3877623621487015 0.03274353876739563
0.4180007114905728 0.1857852882703777
0.6826752045535397 0.48046719681908556
0.6969050160085379 0.6391650099403579
0.43898968338669514 0.14025844930417494
0.8278192813945215 0.48220675944333996
0.5325506937033084 0.09637176938369782
0.384204909284952 0.08439363817097416
0.5969405905371754 0.3268389662027833
0.6214870152970473 0.5183896620278331
0.5325506937033084 0.18792246520874753
0.43827819281394526 0.18389662027833
0.4777659196015653 0.1708747514910537
0.5499822127356813 0.5452286282306164
0.39416577730345076 0.12837972166998013
0.37922447527570263 0.0
0.3084667378157239 0.0
0.35233013162575594 0.18469184890656065
0.5855567413731768 0.4406560636182903
0.46282461757381715 0.009204771371769383
0.4557097118463181 0.06610337972166998
0.9683386695126289 0.9333996023856859
0.7502668089647813 0.7435387673956263
0.5585200996086802 0.25790258449304176
0.4059053717538243 0.11734592445328032
0.5435787975809321 0.1621769383697813
0.3585912486659552 0.01194831013916501
0.6513696193525436 0.2889662027833002
0.41657773034507295 0.16098409542743541
0.4201351832088225 0.0771868787276342
0.4375667022411953 0.08220675944333997
0.5058697972251868 0.3289264413518887
0.4542867307008182 0.14234592445328031
0.3457844183564568 0.0
0.43898968338669514 0.2267395626242545
0.528637495553184 0.44125248508946324
0.4592671647100676 0.11814115308151094
0.48986125933831376 0.3243538767395626
0.6431874777659196 0.2871769383697813
0.6823194592671648 0.3365805168986084
0.5140519388118108 0.29721669980119286
0.43507648523657066 0.20412524850894634
0.623977232301672 0.3721669980119285
0.8285307719672714 0.8051689860834991
0.49128424048381364 0.45606361829025843
0.44361437210956955 0.18991053677932407
0.5378868729989328 0.20273359840954275
0.35133404482390607 0.09701789264413518
0.6051227321237994 0.2678926441351889
0.4663820704375667 0.2535785288270378
0.5432230522945571 0.1569085487077535
0.7321237993596584 0.4751988071570577
0.42120241906794736 0.06923459244532804
1.0 0.7927435387673957
0.6197082888651726 0.327882703777336
0.5048025613660619 0.32117296222664016
0.49306296691568835 0.27842942345924454
0.42298114549982213 0.15616302186878728
0.3628601921024546 0.05323061630218689
0.7043756670224119 0.4319582504970179
0.6947705442902882 0.32987077534791254
0.48559231590181434 0.12738568588469185
0.48239060832443975 0.2212226640159046
0.36214870152970474 0.0951789264413519
0.5602988260405549 0.32117296222664016
0.472073995019566 0.1220675944333996
0.5101387406616862 0.22877733598409544
0.37139807897545357 0.06043737574552684
0.5336179295624333 0.1878727634194831
0.44895055140519385 0.10119284294234593
0.456421202419068 0.3410039761431412
0.6065457132692992 0.5417495029821073
0.4027036641764497 0.015531809145129227
0.3991462113127001 0.03197813121272366
0.7296335823550338 0.41451292246520877
0.34034151547492 0.08285288270377734
0.4991106367840626 0.09423459244532804
0.8256848096762719 0.6148111332007953
0.728566346495909 0.29930417495029826
0.5058697972251868 0.2190854870775348
0.6211312700106724 0.4379224652087475
0.4852365706154394 0.18543737574552685
0.4418356456776948 0.05506958250497018
0.40199217360369977 0.14184890656063617
0.4891497687655639 0.11650099403578529
0.6901458555674137 0.4416500994035785
0.3728210601209534 0.1525844930417495
0.4695837780149413 0.054920477137176946
0.45855567413731774 0.19781312127236583
0.37886872998932764 0.08026838966202784
0.40981856990394877 0.1455765407554672
0.7449306296691569 0.6510934393638171
0.4091070793311989 0.10283300198807158
0.7018854500177873 0.4840954274353877
0.6154393454286731 0.4151590457256461
0.6919245819992885 0.42698807157057656
0.49662041977943794 0.26073558648111334
0.6954820348630381 0.5685884691848907
0.5450017787264319 0.617296222664016
0.5570971184631803 0.6843936381709741
0.552472429740306 0.4174453280318091
0.7225186766275347 0.46386679920477136
0.6172180718605479 0.14100397614314117
0.6150836001422981 0.37311133200795227
0.5553183920313056 0.14150099403578528
0.6115261472785486 0.324403578528827
0.7374599786552829 0.4297216699801193
0.37709000355745287 0.1313121272365805
0.4834578441835646 0.10646123260437378
0.45784418356456774 0.08026838966202784
0.3810032017075774 0.14249502982107357
0.5083600142298115 0.031063618290258454
0.40163642831732477 0.13692842942345926
0.7737459978655283 0.5407554671968191
0.34656705798648174 0.06993041749502982
0.6378512984702953 0.23578528827037776
0.42298114549982213 0.3679920477137177
0.40305940946282465 0.016565606361829025
0.6691568836712913 0.2904075546719682
0.4834578441835646 0.06153081510934394
0.4927072216293134 0.18444333996023857
0.6816079686944149 0.4803180914512923
0.41764496620419783 0.13732604373757454
0.6901458555674137 0.47037773359840956
0.5777303450729278 0.44990059642147123
0.45855567413731774 0.16848906560636184
0.4475275702596941 0.014532803180914513
0.4247598719316969 0.18841948310139164
0.45855567413731774 0.058200795228628234
0.40056919245819994 0.27773359840954276
0.4044823906083244 0.10800198807157058
0.5126289576663109 0.32813121272365803
0.5321949484169335 0.23951292246520875
0.4606901458555674 0.16749502982107356
0.4215581643543223 0.11332007952286283
0.45250800426894344 0.09562624254473162
0.48986125933831376 0.09527833001988072
0.3881181074350765 0.06804174950298211
0.4183564567769477 0.17470178926441354
0.5072927783706865 0.06829025844930418
0.3738882959800783 0.09319085487077534
0.6947705442902882 0.5278330019880716
0.4432586268231946 0.15402584493041752
0.7146922803272857 0.6361829025844931
0.3731768054073284 0.08846918489065607
0.40768409818569906 0.0746520874751491
0.4126645321949484 0.06525844930417495
0.4695837780149413 0.016207753479125248
0.32017075773746 0.017256461232604374
0.48025613660619 0.021963220675944337
0.464247598719317 0.0438817097415507
0.41622198505869795 0.05705765407554673
0.5197438633938101 0.09329025844930418
0.45393098541444327 0.12664015904572565
0.41053006047669865 0.04426938369781312
0.30583422269654925 0.0
0.4443258626823195 0.031923459244532805
0.43329775880469584 0.025104373757455268
0.648167911775169 0.3951292246520875
0.3216648879402348 0.24393638170974155
0.44219139096406973 0.08444333996023858
0.36463891853432945 0.1970675944333996
0.7171824973319104 0.3839960238568588
0.4574884382781928 0.16898608349900598
0.7235859124866596 0.7475149105367794
0.4340092493774457 0.08409542743538768
0.4507292778370687 0.10472166998011928
0.5019565990750623 0.13583499005964214
0.4279615795090715 0.02779324055666004
0.5787975809320527 0.42186878727634197
0.5784418356456777 0.39666998011928434
0.5702596940590537 0.3499502982107356
0.4617573817146923 0.1466202783300199
0.3991462113127001 0.03768886679920477
0.400213447171825 0.014617296222664018
0.4375667022411953 0.042420477137176935
0.6069014585556741 0.4937375745526839
0.46211312700106727 0.10427435387673956
0.6677339025257916 0.30268389662027834
0.3575240128068303 0.088220675944334
0.8363571682675205 0.7007952286282306
0.5129847029526858 0.20989065606361829
0.3417289220917823 0.11391650099403579
0.3934542867307008 0.16605367793240558
0.7001067235859125 0.5482107355864811
0.41657773034507295 0.16153081510934394
0.3649946638207044 0.10124254473161035
0.42902881536819637 0.0421868787276342
0.5250800426894344 0.1753479125248509
0.408039843472074 0.1154075546719682
0.42511561721807184 0.08881709741550696
0.4147990039131982 0.05775347912524851
0.5602988260405549 0.617296222664016
0.9153326218427607 0.9507952286282306
0.5364638918534329 0.32569582504970185
0.39630024902170047 0.07311133200795229
0.4468160796869442 0.21824055666003975
0.464247598719317 0.278479125248509
0.4934187122020633 0.10377733598409543
0.3158306652436855 0.1183399602385686
0.33568125222340806 0.06988071570576541
0.4461045891141942 0.027082504970178927
0.47314123087869087 0.12047713717693838
0.45393098541444327 0.08851888667992047
0.5869797225186767 0.24030815109343936
0.47669868374244045 0.07321073558648111
0.7271433653504091 0.3869284294234593
0.7186054784774102 0.628727634194831
0.4343649946638207 0.1007455268389662
0.7723230167200285 0.42072564612326047
0.7829953753112772 0.746023856858847
0.5816435432230523 0.4360337972166998
0.5403770900035575 0.13205765407554673
0.76022767698328 0.6237574552683897
0.7342582710779082 0.4443836978131213
0.4870152970473141 0.10094433399602387
0.5752401280683032 0.26824055666003976
0.37602276769832804 0.29527833001988074
0.47883315546069016 0.0555168986083499
0.4859480611881893 0.12281312127236581
0.39416577730345076 0.3164512922465209
0.4009249377445749 0.275844930417495
0.3927427961579509 0.10308151093439365
0.42867307008182143 0.14801192842942348
0.4407684098185699 0.14314115308151093
0.4724297403059409 0.14234592445328031
0.5193881181074351 0.2619781312127237
0.4343649946638207 0.12594433399602387
0.4937744574884383 0.042281312127236584
0.4009249377445749 0.1370278330019881
0.6954820348630381 0.507455268389662
0.3649946638207044 0.09781312127236581
0.31070793311988615 0.0
0.5510494485948061 0.4529324055666004
0.7687655638562789 0.7763419483101393
0.4304517965136962 0.16530815109343935
0.5001778726431875 0.16158051689860833
0.48061188189256493 0.26744532803180915
0.4553539665599431 0.2029324055666004
0.3934542867307008 0.03601391650099404
0.41977943792244754 0.08141153081510934
0.6371398078975454 0.595427435387674
0.42440412664532196 0.08926441351888668
0.4610458911419424 0.09358846918489065
0.46033440056919245 0.11878727634194833
0.43898968338669514 0.10208747514910536
0.38918534329420135 0.14572564612326044
0.5741728922091782 0.22504970178926442
0.45713269299181786 0.09279324055666004
0.639985770188545 0.4385685884691849
0.43649946638207043 0.1318588469184891
0.4041266453219495 0.1043737574552684
0.3927427961579509 0.12326043737574553
0.33429384560654574 0.025487077534791253
0.5332621842760583 0.19264413518886683
0.5382426182853077 0.13613320079522864
0.42298114549982213 0.10830019880715706
0.33457844183564567 0.06247514910536779
0.551405193881181 0.4215208747514911
0.4517965136961935 0.11938369781312128
0.3970117395944504 0.05347912524850895
0.4115972963358236 0.0709741550695825
0.5225898256848097 0.31312127236580517
0.41302027748132336 0.2235089463220676
0.4859480611881893 0.2391650099403579
0.34656705798648174 0.0977634194831014
0.3568125222340804 0.025641153081510937
0.3728210601209534 0.11023856858846919
0.384204909284952 0.06978131212723658
0.3959445037353255 0.06809145129224653
0.45250800426894344 0.09120278330019882
0.5300604766986837 0.48265407554671974
0.4411241551049449 0.13911530815109346
0.7178939879046603 0.6257455268389663
0.6695126289576664 0.4345924453280319
0.528637495553184 0.1429920477137177
0.4973319103521879 0.3212226640159046
0.45784418356456774 0.10387673956262425
0.49946638207043753 0.14632206759443342
0.4927072216293134 0.1139662027833002
0.49875489149768765 0.13180914512922465
0.39025257915332623 0.17957256461232607
0.6143721095695482 0.28508946322067596
0.4902170046246887 0.04938866799204771
0.37602276769832804 0.05521868787276342
0.6414087513340448 0.31083499005964216
0.4265385983635717 0.21242544731610338
0.6314478833155461 0.41217693836978136
0.5265030238349342 0.11232604373757456
0.5168979011028104 0.14537773359840955
0.7506225542511562 0.5740556660039762
0.4222696549270722 0.11858846918489066
0.6969050160085379 0.45044731610337974
0.42689434364994666 0.0966699801192843
0.5168979011028104 0.3228131212723658
0.44895055140519385 0.11292246520874752
0.4759871931696905 0.16222664015904575
0.4137317680540733 0.10024850894632208
0.4699395233013163 0.10278330019880716
0.4624688722874422 0.08757455268389662
0.34702952685876914 0.051838966202783304
0.607612949128424 0.31963220675944337
0.9754535752401281 0.8394632206759444
0.512273212379936 0.08633200795228628
0.4126645321949484 0.08832007952286283
0.46851654215581645 0.14264413518886682
0.47100675916044116 0.1408051689860835
0.4674493062966916 0.17445328031809146
0.343934542867307 0.02867296222664016
0.6261117040199218 0.4980119284294235
0.4133760227676983 0.27654075546719686
0.3438989683386695 0.07524850894632207
0.42831732479544643 0.11814115308151094
0.5307719672714336 0.16008946322067596
0.43649946638207043 0.0
0.38705087157595164 0.07808151093439364
0.456421202419068 0.15298210735586482
0.5051583066524369 0.15198807157057653
0.49448594806118823 0.06655069582504972
0.40875133404482394 0.09786282306163022
0.5780860903593027 0.4569582504970179
0.43258626823194596 0.07589463220675945
0.49448594806118823 0.102882703777336
0.47918890074706516 0.2617296222664016
0.48737104233368905 0.15705765407554675
0.559587335467805 0.30869781312127237
0.4429028815368196 0.24085487077534795
0.5208110992529349 0.13871769383697813
0.6915688367129136 0.5934393638170975
0.41551049448594807 0.15566600397614316
0.5937388829598008 0.114662027833002
0.43578797580932055 0.06267395626242545
0.6350053361792957 0.2076540755467197
0.640697260761295 0.3857852882703777
0.4432586268231946 0.05710735586481114
0.4681607968694415 0.06242544731610338
0.5289932408395589 0.24607355864811134
0.4500177872643188 0.25218687872763423
0.44361437210956955 0.11774353876739563
0.6577730345072927 0.4564115308151093
0.7324795446460335 0.5571570576540756
0.5350409107079331 0.30526838966202785
0.4916399857701886 0.33593439363817096
0.4461045891141942 0.16297216699801192
0.8214158662397724 0.4985089463220676
0.3297047314123088 0.2610337972166998
0.344219139096407 0.34980119284294237
0.43472073995019567 0.10765407554671969
0.3934542867307008 0.2121272365805169
0.5798648167911775 0.22678926441351888
0.5499822127356813 0.4234592445328032
0.41764496620419783 0.13116302186878728
0.5268587691213091 0.12629224652087476
0.47669868374244045 0.4061630218687873
0.5186766275346851 0.2161530815109344
0.5353966559943081 0.21545725646123262
0.4034151547491996 0.1289264413518887
0.6513696193525436 0.46973161033797217
0.7075773745997865 0.46873757455268394
0.45819992885094274 0.2635685884691849
0.4535752401280683 0.1488568588469185
0.3306652436855212 0.12032803180914513
0.8762006403415155 0.7311133200795229
0.40056919245819994 0.028151093439363818
0.48772678762006405 0.18802186878727636
0.3503023834934187 0.12007952286282307
0.3049092849519744 0.07504970178926441
0.47883315546069016 0.15666003976143142
0.43898968338669514 0.1315606361829026
0.495908929206688 0.3287773359840954
0.42938456065457137 0.13906560636182905
0.4180007114905728 0.22067594433399604
0.4151547491995731 0.10720675944333996
0.48665955176093917 0.09343936381709743
0.728210601209534 0.5044731610337972
0.3898968338669513 0.13856858846918488
0.7310565635005336 0.6570576540755468
0.5076485236570616 0.3051192842942346
0.415866239772323 0.22519880715705767
0.2749555318392031 0.0
0.2736036997509783 0.06779324055666004
0.41053006047669865 0.1289264413518887
0.5147634293845607 0.1933399602385686
0.5243685521166844 0.15044731610337972
0.4699395233013163 0.16277335984095428
0.4934187122020633 0.11774353876739563
0.4845250800426894 0.12142147117296223
0.3671291355389541 0.02731113320079523
0.3649946638207044 0.12117296222664016
0.3444681607968694 0.0477882703777336
0.38491639985770193 0.04055666003976144
0.3863393810032017 0.0
0.3959445037353255 0.11217693836978132
0.4542867307008182 0.07450298210735587
0.332017075773746 0.06371769383697813
0.45819992885094274 0.11645129224652087
0.3660618996798292 0.13608349900596423
0.36143721095695486 0.05546719681908549
0.3352187833511206 0.0
0.5190323728210601 0.1856858846918489
0.40946282461757383 0.20402584493041753
0.4998221273568126 0.2139165009940358
0.3984347207399502 0.0
0.5414443258626823 0.4686381709741551
0.744219139096407 0.7326043737574554
0.7669868374244041 0.6903578528827038
0.7161152614727855 0.48663021868787276
0.5905371753824262 0.26351888667992046
0.7328352899324084 0.7554671968190855
0.2760583422269655 0.0