0.00021314620971679688
0.0001518726348876953
0.0001347064971923828
0.0001437664031982422
0.00011587142944335938
0.00014901161193847656
0.00010180473327636719
9.799003601074219e-05
8.320808410644531e-05
0.00011110305786132812
0.00011992454528808594
0.00011491775512695312
0.00010538101196289062
0.00011396408081054688
0.00010609626770019531
0.00010704994201660156
0.00010228157043457031
9.894371032714844e-05
0.00012993812561035156
0.0001049041748046875
9.202957153320312e-05
0.00010085105895996094
8.869171142578125e-05
9.703636169433594e-05
0.00016164779663085938
0.00010180473327636719
0.00011301040649414062
0.00011801719665527344
8.511543273925781e-05
0.0001671314239501953
9.512901306152344e-05
0.00012230873107910156
0.00010395050048828125
0.00012111663818359375
0.00010704994201660156
0.00011301040649414062
8.296966552734375e-05
7.891654968261719e-05
7.82012939453125e-05
9.584426879882812e-05
0.00013494491577148438
0.00011277198791503906
0.0001010894775390625
0.00012087821960449219
9.107589721679688e-05
8.082389831542969e-05
8.296966552734375e-05
9.989738464355469e-05
0.00011086463928222656
9.989738464355469e-05
8.392333984375e-05
7.891654968261719e-05
7.82012939453125e-05
7.700920104980469e-05
7.581710815429688e-05
7.724761962890625e-05
7.724761962890625e-05
7.724761962890625e-05
7.82012939453125e-05
7.700920104980469e-05
7.891654968261719e-05
7.772445678710938e-05
0.00011706352233886719
0.00010395050048828125
0.00010704994201660156
0.00010275840759277344
8.606910705566406e-05
7.891654968261719e-05
0.00012803077697753906
8.7738037109375e-05
0.00014901161193847656
0.0001678466796875
0.00015115737915039062
0.0001220703125
9.012222290039062e-05
7.987022399902344e-05
7.772445678710938e-05
7.915496826171875e-05
7.700920104980469e-05
7.772445678710938e-05
7.82012939453125e-05
7.772445678710938e-05
7.796287536621094e-05
7.772445678710938e-05
7.700920104980469e-05
7.772445678710938e-05
7.700920104980469e-05
0.00010919570922851562
8.177757263183594e-05
7.82012939453125e-05
7.796287536621094e-05
7.700920104980469e-05
7.796287536621094e-05
8.606910705566406e-05
9.822845458984375e-05
0.00016379356384277344
0.00010395050048828125
0.0001430511474609375
0.00010609626770019531
9.965896606445312e-05
9.107589721679688e-05
8.177757263183594e-05
7.915496826171875e-05
7.700920104980469e-05
7.605552673339844e-05
7.82012939453125e-05
7.700920104980469e-05
7.796287536621094e-05
7.700920104980469e-05
9.584426879882812e-05
9.608268737792969e-05
9.918212890625e-05
8.869171142578125e-05
8.177757263183594e-05
7.915496826171875e-05
7.700920104980469e-05
7.796287536621094e-05
7.605552673339844e-05
0.00016307830810546875
8.702278137207031e-05
7.796287536621094e-05
7.700920104980469e-05
7.700920104980469e-05
7.605552673339844e-05
7.700920104980469e-05
7.700920104980469e-05
0.0001327991485595703
0.00014495849609375
0.00010824203491210938
0.00014019012451171875
0.00010800361633300781
0.00010919570922851562
9.775161743164062e-05
0.00017881393432617188
0.00012803077697753906
0.00015425682067871094
0.00013113021850585938
0.0001289844512939453
0.00011515617370605469
0.00011897087097167969
0.00013113021850585938
0.00011706352233886719
0.0001289844512939453
0.00012493133544921875
0.00010275840759277344
0.00011801719665527344
0.00010418891906738281
0.00010800361633300781
9.989738464355469e-05
0.00011110305786132812
0.00014019012451171875
0.00011301040649414062
0.0003418922424316406
0.0001900196075439453
0.00013685226440429688
0.0001461505889892578
0.00011324882507324219
0.0001862049102783203
0.00010609626770019531
0.000102996826171875
0.00015687942504882812
0.00013303756713867188
9.608268737792969e-05
0.00010395050048828125
8.702278137207031e-05
8.606910705566406e-05
0.00010824203491210938
0.00010633468627929688
0.00010704994201660156
9.989738464355469e-05
0.00011897087097167969
9.703636169433594e-05
8.296966552734375e-05
7.987022399902344e-05
7.891654968261719e-05
0.0001480579376220703
0.00010395050048828125
0.0001239776611328125
9.298324584960938e-05
9.775161743164062e-05
9.393692016601562e-05
0.00019812583923339844
0.0001270771026611328
9.489059448242188e-05
8.416175842285156e-05
9.417533874511719e-05
9.012222290039062e-05
9.989738464355469e-05
8.893013000488281e-05
8.225440979003906e-05
7.891654968261719e-05
7.891654968261719e-05
7.796287536621094e-05
7.796287536621094e-05
7.891654968261719e-05
7.796287536621094e-05
7.772445678710938e-05
7.82012939453125e-05
7.82012939453125e-05
7.891654968261719e-05
7.700920104980469e-05
7.677078247070312e-05
7.724761962890625e-05
7.796287536621094e-05
8.130073547363281e-05
0.00010013580322265625
0.00011587142944335938
0.00010395050048828125
0.00011897087097167969
8.58306884765625e-05
8.58306884765625e-05
8.082389831542969e-05
7.891654968261719e-05
8.0108642578125e-05
0.00010323524475097656
0.00011301040649414062
9.512901306152344e-05
8.296966552734375e-05
7.82012939453125e-05
7.796287536621094e-05
7.82012939453125e-05
7.724761962890625e-05
7.724761962890625e-05
7.724761962890625e-05
7.700920104980469e-05
7.581710815429688e-05
7.724761962890625e-05
7.700920104980469e-05
7.700920104980469e-05
7.700920104980469e-05
7.796287536621094e-05
0.00011873245239257812
0.00010132789611816406
0.00010895729064941406
0.0001010894775390625
0.0001430511474609375
7.581710815429688e-05
0.00011706352233886719
9.512901306152344e-05
9.799003601074219e-05
9.298324584960938e-05
8.988380432128906e-05
8.20159912109375e-05
7.891654968261719e-05
8.0108642578125e-05
7.772445678710938e-05
7.82012939453125e-05
7.82012939453125e-05
7.700920104980469e-05
7.796287536621094e-05
7.796287536621094e-05
7.724761962890625e-05
7.677078247070312e-05
7.700920104980469e-05
7.772445678710938e-05
7.605552673339844e-05
7.677078247070312e-05
7.700920104980469e-05
7.677078247070312e-05
7.700920104980469e-05
8.296966552734375e-05
7.891654968261719e-05
7.796287536621094e-05
7.82012939453125e-05
7.867813110351562e-05
8.392333984375e-05
8.797645568847656e-05
9.799003601074219e-05
9.083747863769531e-05
0.0002219676971435547
0.00010418891906738281
0.00011420249938964844
0.00010323524475097656
0.00010800361633300781
0.00013208389282226562
0.00013303756713867188
9.799003601074219e-05
8.392333984375e-05
7.915496826171875e-05
7.915496826171875e-05
7.82012939453125e-05
7.581710815429688e-05
7.724761962890625e-05
7.724761962890625e-05
7.700920104980469e-05
7.605552673339844e-05
9.107589721679688e-05
8.916854858398438e-05
0.00016689300537109375
0.00011229515075683594
9.775161743164062e-05
0.00011086463928222656
9.584426879882812e-05
0.00011205673217773438
0.00011897087097167969
8.392333984375e-05
8.0108642578125e-05
7.915496826171875e-05
7.772445678710938e-05
7.82012939453125e-05
7.796287536621094e-05
7.605552673339844e-05
7.724761962890625e-05
7.581710815429688e-05
7.581710815429688e-05
7.605552673339844e-05
7.796287536621094e-05
9.202957153320312e-05
8.916854858398438e-05
9.799003601074219e-05
9.393692016601562e-05
8.296966552734375e-05
0.00012612342834472656
0.00010991096496582031
0.0001327991485595703
0.00010704994201660156
0.0001780986785888672
9.322166442871094e-05
8.106231689453125e-05
8.797645568847656e-05
0.00014281272888183594
0.00010585784912109375
0.00011873245239257812
0.00010180473327636719
0.0001239776611328125
0.0001049041748046875
0.00014209747314453125
0.00011014938354492188
0.00011682510375976562
0.00015807151794433594
0.00010085105895996094
0.000125885009765625
9.489059448242188e-05
0.00010704994201660156
0.00011396408081054688
0.00012183189392089844
8.702278137207031e-05
8.106231689453125e-05
8.106231689453125e-05
7.987022399902344e-05
7.987022399902344e-05
7.987022399902344e-05
8.0108642578125e-05
7.987022399902344e-05
7.987022399902344e-05
8.296966552734375e-05
9.298324584960938e-05
0.000293731689453125
0.00011706352233886719
0.000102996826171875
0.0006742477416992188
0.00010180473327636719
9.298324584960938e-05
0.00017690658569335938
0.00018095970153808594
0.00011205673217773438
0.00012803077697753906
9.918212890625e-05
9.799003601074219e-05
0.00010800361633300781
0.00011682510375976562
0.00011897087097167969
0.00013518333435058594
0.0001201629638671875
0.0001327991485595703
0.00010395050048828125
0.00017595291137695312
0.00018787384033203125
0.00011086463928222656
0.00012063980102539062
0.00011277198791503906
0.0001308917999267578
0.000125885009765625
0.00013399124145507812
0.00011897087097167969
0.00010228157043457031
0.0001678466796875
0.0001201629638671875
0.0001506805419921875
0.00011491775512695312
0.00013899803161621094
0.00017213821411132812
0.00011205673217773438
0.0001049041748046875
0.00010514259338378906
0.00010824203491210938
0.00012111663818359375
0.0001621246337890625
0.0001590251922607422
0.00012373924255371094
0.00016188621520996094
0.00013518333435058594
0.0001671314239501953
0.00012230873107910156
0.00021028518676757812
0.00025177001953125
0.00017690658569335938
0.00017523765563964844
8.988380432128906e-05
0.0001609325408935547
0.00014591217041015625
0.00014019012451171875
0.00011324882507324219
0.00011920928955078125
0.00011301040649414062
0.00010895729064941406
0.000141143798828125
0.0001380443572998047
0.00013685226440429688
0.00015091896057128906
0.00010800361633300781
8.916854858398438e-05
8.988380432128906e-05
0.00010609626770019531
0.00011873245239257812
0.00011801719665527344
0.00010609626770019531
9.703636169433594e-05
9.679794311523438e-05
9.393692016601562e-05
7.987022399902344e-05
7.987022399902344e-05
8.177757263183594e-05
0.00015020370483398438
0.0001537799835205078
0.000102996826171875
0.00010013580322265625
9.393692016601562e-05
9.894371032714844e-05
9.226799011230469e-05
0.00016927719116210938
0.00011396408081054688
0.00011181831359863281
0.00010204315185546875
0.00011014938354492188
0.00010204315185546875
0.00010895729064941406
0.00010395050048828125
0.00010800361633300781
9.703636169433594e-05
9.703636169433594e-05
9.512901306152344e-05
0.00011682510375976562
8.702278137207031e-05
8.392333984375e-05
0.0001289844512939453
0.00013208389282226562
0.0001773834228515625
0.0001068115234375
9.703636169433594e-05
9.989738464355469e-05
9.298324584960938e-05
9.822845458984375e-05
9.322166442871094e-05
0.00010323524475097656
9.584426879882812e-05
8.916854858398438e-05
9.417533874511719e-05
9.703636169433594e-05
9.489059448242188e-05
0.00010514259338378906
0.00014209747314453125
0.00011229515075683594
9.775161743164062e-05
0.00013113021850585938
9.894371032714844e-05
8.702278137207031e-05
8.296966552734375e-05
9.608268737792969e-05
8.988380432128906e-05
9.298324584960938e-05
8.702278137207031e-05
9.417533874511719e-05
8.702278137207031e-05
9.489059448242188e-05
0.0001087188720703125
0.000102996826171875
9.393692016601562e-05
0.00011682510375976562
9.608268737792969e-05
0.0001761913299560547
0.00011324882507324219
9.918212890625e-05
0.00010204315185546875
9.298324584960938e-05
0.00010991096496582031
8.893013000488281e-05
8.0108642578125e-05
7.915496826171875e-05
7.796287536621094e-05
7.796287536621094e-05
7.796287536621094e-05
7.700920104980469e-05
7.700920104980469e-05
7.796287536621094e-05
0.00010609626770019531
9.489059448242188e-05
9.918212890625e-05
9.107589721679688e-05
8.320808410644531e-05
7.700920104980469e-05
7.772445678710938e-05
7.724761962890625e-05
7.700920104980469e-05
7.605552673339844e-05
7.700920104980469e-05
7.700920104980469e-05
7.605552673339844e-05
7.700920104980469e-05
7.700920104980469e-05
8.320808410644531e-05
7.891654968261719e-05
7.772445678710938e-05
7.700920104980469e-05
7.772445678710938e-05
7.724761962890625e-05
7.700920104980469e-05
7.700920104980469e-05
7.700920104980469e-05
7.605552673339844e-05
7.605552673339844e-05
7.605552673339844e-05
0.00018787384033203125
0.0001480579376220703
7.200241088867188e-05
0.00013184547424316406
0.0002269744873046875
0.00016617774963378906
0.00011610984802246094
0.00018310546875
0.0001201629638671875
0.00012731552124023438
0.00011801719665527344
0.00011992454528808594
9.608268737792969e-05
0.00011587142944335938
0.00014901161193847656
0.00011301040649414062
0.0001380443572998047
0.00015306472778320312
0.00010800361633300781
9.703636169433594e-05
0.00010704994201660156
9.894371032714844e-05
9.322166442871094e-05
9.226799011230469e-05
9.131431579589844e-05
0.00012302398681640625
0.00010704994201660156
9.489059448242188e-05
9.512901306152344e-05
9.298324584960938e-05
9.202957153320312e-05
0.00018930435180664062
0.00010418891906738281
0.00012111663818359375
9.799003601074219e-05
9.298324584960938e-05
9.584426879882812e-05
9.298324584960938e-05
0.00010704994201660156
0.0001819133758544922
0.0001468658447265625
0.00010395050048828125
9.775161743164062e-05
9.608268737792969e-05
0.00010609626770019531
0.00012421607971191406
0.00014209747314453125
9.894371032714844e-05
9.393692016601562e-05
0.000102996826171875
0.00014495849609375
0.00013494491577148438
0.00017690658569335938
0.0001270771026611328
0.00015807151794433594
0.000102996826171875
0.00012803077697753906
0.00017499923706054688
0.000125885009765625
0.00011181831359863281
0.00010395050048828125
0.0001468658447265625
0.00010514259338378906
0.00011205673217773438
0.00010585784912109375
9.989738464355469e-05
0.00010228157043457031
0.00010013580322265625
9.989738464355469e-05
0.00015306472778320312
0.0001220703125
0.00017786026000976562
0.00020599365234375
0.00010800361633300781
0.0001647472381591797
0.0001647472381591797
0.00012111663818359375
0.00012493133544921875
0.00013709068298339844
0.00010991096496582031
0.00015401840209960938
0.0001068115234375
0.0001010894775390625
9.393692016601562e-05
0.00010085105895996094
9.822845458984375e-05
9.179115295410156e-05
0.0001049041748046875
9.894371032714844e-05
9.512901306152344e-05
0.00011086463928222656
0.00016427040100097656
0.00016689300537109375
0.00012922286987304688
0.00010609626770019531
0.0001499652862548828
7.009506225585938e-05
5.793571472167969e-05
5.698204040527344e-05
0.00011682510375976562
9.894371032714844e-05
0.00012993812561035156
0.00010800361633300781
9.608268737792969e-05
0.00019407272338867188
0.00015616416931152344
0.00019502639770507812
8.511543273925781e-05
6.198883056640625e-05
5.698204040527344e-05
5.698204040527344e-05
5.507469177246094e-05
5.507469177246094e-05
5.507469177246094e-05
0.00010895729064941406
0.00019097328186035156
0.00010585784912109375
9.489059448242188e-05
0.00010704994201660156
0.0006814002990722656
0.0001819133758544922
0.00010228157043457031
0.00015735626220703125
0.00010395050048828125
0.00010609626770019531
0.00011277198791503906
0.00011277198791503906
0.00011301040649414062
0.00011205673217773438
0.00011181831359863281
0.00011014938354492188
0.00010991096496582031
0.00010991096496582031
0.00010991096496582031
0.0009229183197021484
0.00012612342834472656
9.393692016601562e-05
8.893013000488281e-05
8.893013000488281e-05
9.608268737792969e-05
9.012222290039062e-05
8.7738037109375e-05
8.916854858398438e-05
8.797645568847656e-05
9.298324584960938e-05
0.0002067089080810547
0.00010800361633300781
0.0001761913299560547
0.0002338886260986328
0.0002498626708984375
7.009506225585938e-05
8.296966552734375e-05
0.00012803077697753906
0.00010585784912109375
9.703636169433594e-05
8.988380432128906e-05
8.821487426757812e-05
9.584426879882812e-05
9.298324584960938e-05
0.0001430511474609375
0.00010180473327636719
0.00010275840759277344
0.00011801719665527344
9.655952453613281e-05
8.487701416015625e-05
7.987022399902344e-05
7.796287536621094e-05
7.700920104980469e-05
0.00011014938354492188
8.893013000488281e-05
0.00013589859008789062
0.00011110305786132812
0.00010514259338378906
0.0001010894775390625
0.00010418891906738281
0.0001049041748046875
0.00010395050048828125
0.00010085105895996094
0.00010132789611816406
0.00010395050048828125
0.00011110305786132812
0.00011706352233886719
0.00014472007751464844
0.0001800060272216797
0.0001480579376220703
0.00012803077697753906
0.0002338886260986328
0.0001342296600341797
0.0001919269561767578
0.00013065338134765625
0.0001659393310546875
0.00013494491577148438
0.00011014938354492188
0.0002932548522949219
0.0011489391326904297
0.0001652240753173828
8.392333984375e-05
0.00012493133544921875
0.00011801719665527344
0.0002751350402832031
0.000186920166015625
0.00014019012451171875
0.0001239776611328125
9.703636169433594e-05
8.606910705566406e-05
8.487701416015625e-05
8.702278137207031e-05
9.703636169433594e-05
0.00015497207641601562
0.0001277923583984375
0.00011396408081054688
0.00017404556274414062
0.0003249645233154297
0.00012993812561035156
0.0001227855682373047
0.00017905235290527344
0.00010991096496582031
0.0001399517059326172
0.00011706352233886719
9.083747863769531e-05
8.106231689453125e-05
7.915496826171875e-05
7.915496826171875e-05
7.796287536621094e-05
9.298324584960938e-05
9.226799011230469e-05
0.000125885009765625
0.0001537799835205078
0.0001049041748046875
0.00015473365783691406
0.00010180473327636719
9.608268737792969e-05
9.489059448242188e-05
9.274482727050781e-05
9.512901306152344e-05
9.393692016601562e-05
9.298324584960938e-05
9.322166442871094e-05
0.00020003318786621094
0.0001571178436279297
0.00010800361633300781
0.00010323524475097656
0.00010323524475097656
0.00017833709716796875
0.0001239776611328125
0.00014019012451171875
0.00015091896057128906
0.00010395050048828125
9.298324584960938e-05
8.702278137207031e-05
0.0001289844512939453
0.00010800361633300781
8.606910705566406e-05
8.392333984375e-05
9.775161743164062e-05
0.000164031982421875
0.00012612342834472656
0.000125885009765625
0.0001418590545654297
0.00011801719665527344
0.00011801719665527344
0.0001380443572998047
0.00012803077697753906
0.00014901161193847656
0.00015091896057128906
0.00011539459228515625
0.00022792816162109375
0.0002579689025878906
0.00011324882507324219
0.00010609626770019531
0.00019097328186035156
0.0002110004425048828
0.0001399517059326172
0.00017571449279785156
0.0006649494171142578
0.00030303001403808594
0.00029206275939941406
0.00012493133544921875
0.00018405914306640625
0.00013208389282226562
0.00011110305786132812
9.107589721679688e-05
0.00010132789611816406
0.00013399124145507812
0.0001361370086669922
0.00013518333435058594
0.00016689300537109375
0.00013113021850585938
0.000171661376953125
0.00019288063049316406
0.0001747608184814453
0.0003559589385986328
0.00017118453979492188
0.00011086463928222656
0.00017380714416503906
0.00013899803161621094
0.00011014938354492188
0.00011110305786132812
0.00010013580322265625
0.00032210350036621094
0.00011491775512695312
0.00010085105895996094
0.00019502639770507812
0.00015997886657714844
0.00011801719665527344
0.00010418891906738281
0.00013327598571777344
0.00014328956604003906
0.00018095970153808594
0.00020003318786621094
0.00013113021850585938
9.703636169433594e-05
9.584426879882812e-05
9.202957153320312e-05
0.0001342296600341797
0.00010800361633300781
0.00015020370483398438
0.0001010894775390625
0.0001399517059326172
0.00010609626770019531
0.00015783309936523438
0.00011587142944335938
0.0001010894775390625
0.00010085105895996094
9.918212890625e-05
9.393692016601562e-05
0.00010013580322265625
0.0001010894775390625
9.775161743164062e-05
9.894371032714844e-05
9.918212890625e-05
9.870529174804688e-05
8.487701416015625e-05
9.799003601074219e-05
9.417533874511719e-05
9.918212890625e-05
9.298324584960938e-05
9.703636169433594e-05
0.0001010894775390625
9.894371032714844e-05
9.894371032714844e-05
9.703636169433594e-05
0.00011181831359863281
9.775161743164062e-05
8.487701416015625e-05
8.296966552734375e-05
0.00010204315185546875
9.870529174804688e-05
0.00013899803161621094
0.00014209747314453125
0.00010395050048828125
0.000164031982421875
0.0001380443572998047
0.00011110305786132812
0.00010418891906738281
9.918212890625e-05
9.989738464355469e-05
9.584426879882812e-05
0.00010275840759277344
0.00010204315185546875
9.965896606445312e-05
9.799003601074219e-05
0.00010013580322265625
9.870529174804688e-05
0.00011897087097167969
0.0001537799835205078
0.0001347064971923828
0.00010919570922851562
9.703636169433594e-05
0.00010204315185546875
9.775161743164062e-05
0.00010013580322265625
0.00011324882507324219
0.00015616416931152344
0.0001308917999267578
0.0001537799835205078
0.00013589859008789062
0.00011610984802246094
0.00010585784912109375
9.822845458984375e-05
0.0001049041748046875
0.00010180473327636719
9.799003601074219e-05
9.179115295410156e-05
0.00012612342834472656
0.00011324882507324219
9.703636169433594e-05
9.608268737792969e-05
0.00010609626770019531
0.0007660388946533203
0.00011420249938964844
0.00023508071899414062
9.489059448242188e-05
8.416175842285156e-05
8.702278137207031e-05
8.7738037109375e-05
0.0015339851379394531
0.00017714500427246094
9.799003601074219e-05
0.000682830810546875
0.00013327598571777344
0.00011396408081054688
0.00010395050048828125
0.00010085105895996094
9.989738464355469e-05
9.918212890625e-05
0.00030803680419921875
0.00011420249938964844
0.00010991096496582031
0.00010323524475097656
9.894371032714844e-05
9.799003601074219e-05
9.608268737792969e-05
0.0001499652862548828
0.0001621246337890625
0.0001761913299560547
0.00014090538024902344
0.00024175643920898438
0.00013589859008789062
0.000125885009765625
0.00013589859008789062
0.00011491775512695312
0.00013208389282226562
0.00010180473327636719
0.00014781951904296875
0.0001308917999267578
0.0001399517059326172
0.00011110305786132812
0.00010013580322265625
0.00010395050048828125
0.00010085105895996094
0.00011181831359863281
0.00010609626770019531
9.870529174804688e-05
9.965896606445312e-05
9.703636169433594e-05
9.870529174804688e-05
9.918212890625e-05
9.989738464355469e-05
0.00010395050048828125
9.989738464355469e-05
0.00010013580322265625
0.00010013580322265625
9.965896606445312e-05
9.799003601074219e-05
9.918212890625e-05
9.870529174804688e-05
9.822845458984375e-05
9.703636169433594e-05
9.799003601074219e-05
9.799003601074219e-05
9.870529174804688e-05
9.894371032714844e-05
9.894371032714844e-05
9.822845458984375e-05
9.822845458984375e-05
9.703636169433594e-05
9.894371032714844e-05
9.918212890625e-05
9.894371032714844e-05
9.894371032714844e-05
9.799003601074219e-05
9.393692016601562e-05
8.869171142578125e-05
9.298324584960938e-05
9.083747863769531e-05
8.606910705566406e-05
8.678436279296875e-05
8.702278137207031e-05
8.869171142578125e-05
8.797645568847656e-05
8.511543273925781e-05
8.702278137207031e-05
9.083747863769531e-05
8.606910705566406e-05
0.0001308917999267578
0.00012302398681640625
0.00010800361633300781
