0.2231442928314209
0.167510986328125
0.1679987907409668
0.16846418380737305
0.163926362991333
0.16696429252624512
0.16797924041748047
0.1682589054107666
0.16529560089111328
0.17007684707641602
0.1682124137878418
0.1690065860748291
0.16818499565124512
0.1695690155029297
0.16782498359680176
0.1684422492980957
0.37198328971862793
0.16807889938354492
0.1684093475341797
0.16827821731567383
0.16782832145690918
0.16856908798217773
0.16706466674804688
0.18053412437438965
0.17007040977478027
0.16685795783996582
0.1679673194885254
0.17218732833862305
0.1636219024658203
0.26345062255859375
0.17919254302978516
0.1645524501800537
0.1651453971862793
0.17986679077148438
0.16583514213562012
0.16437554359436035
0.16509461402893066
0.16542291641235352
0.16218090057373047
0.17301130294799805
0.16579461097717285
0.1656336784362793
0.17775511741638184
0.161149263381958
0.16054868698120117
0.16048431396484375
0.16296148300170898
0.18704819679260254
0.17669177055358887
0.16481566429138184
