0.19699549674987793
0.2033710479736328
0.1777050495147705
0.17725372314453125
0.17552733421325684
0.17684412002563477
0.17679190635681152
0.17795896530151367
0.1763441562652588
0.17623686790466309
0.17345571517944336
0.17229413986206055
0.17331409454345703
0.17327451705932617
0.17301034927368164
0.17319107055664062
0.17295598983764648
0.17279553413391113
0.17288947105407715
0.17133808135986328
0.17774701118469238
0.1774275302886963
0.18021035194396973
0.1793842315673828
0.18123817443847656
0.1813364028930664
0.1802825927734375
0.1813793182373047
0.17983150482177734
0.1822042465209961
0.18076419830322266
0.1796727180480957
0.17245984077453613
0.17318987846374512
0.17070460319519043
0.17098546028137207
0.17268919944763184
0.17188191413879395
0.17296624183654785
0.17153477668762207
0.1708669662475586
0.1725311279296875
0.17123007774353027
0.25104665756225586
0.24182868003845215
0.1796119213104248
0.16977787017822266
0.16759824752807617
0.16636919975280762
0.1770172119140625
