0.17573809623718262
0.1738877296447754
0.17019987106323242
0.17040610313415527
0.17006206512451172
0.17726850509643555
0.1787419319152832
0.1698448657989502
0.17002010345458984
0.17045378684997559
0.17095422744750977
0.16953182220458984
0.17015743255615234
0.16999197006225586
0.16988563537597656
0.17069292068481445
0.16986536979675293
0.17061781883239746
0.16983819007873535
0.17000603675842285
0.17043209075927734
0.17066049575805664
0.16976404190063477
0.17037057876586914
0.17075085639953613
0.17046594619750977
0.17118096351623535
0.1700289249420166
0.17548584938049316
0.17467832565307617
0.17213940620422363
0.17741918563842773
0.17494916915893555
0.1733405590057373
0.17388010025024414
0.1725907325744629
0.17382311820983887
0.17374300956726074
0.17260193824768066
0.1725606918334961
0.17259860038757324
0.17224335670471191
0.17009949684143066
0.16936516761779785
0.16832947731018066
0.16929006576538086
0.16972684860229492
0.17053985595703125
0.18474650382995605
0.1775650978088379
