0.23381757736206055
0.22655820846557617
0.22723722457885742
0.22519659996032715
0.22014164924621582
0.2207808494567871
0.22033166885375977
0.22176861763000488
0.22495555877685547
0.2271428108215332
0.22587943077087402
0.22858381271362305
0.2181396484375
0.22075390815734863
0.21687936782836914
0.21929502487182617
0.2194199562072754
0.2209641933441162
0.22094106674194336
0.22077083587646484
0.22616219520568848
0.22508525848388672
0.22595930099487305
0.2243962287902832
0.21792864799499512
0.2194230556488037
0.22051310539245605
0.21744179725646973
0.21797609329223633
0.21777844429016113
0.21874284744262695
0.21592497825622559
0.21641755104064941
0.21473097801208496
0.21631550788879395
0.2167520523071289
0.22328829765319824
0.22108864784240723
0.21973752975463867
0.2197718620300293
0.21707963943481445
0.21724271774291992
0.2188551425933838
0.22150063514709473
0.21648716926574707
0.21720576286315918
0.21625089645385742
0.21607518196105957
0.21886992454528809
0.2173914909362793
