0.17049336433410645
0.16939163208007812
0.18442606925964355
0.17635369300842285
0.17753005027770996
0.17618441581726074
0.17714381217956543
0.17723345756530762
0.17658400535583496
0.17657041549682617
0.1768195629119873
0.17229819297790527
0.17721104621887207
0.18049359321594238
0.17695832252502441
0.17821621894836426
0.1740121841430664
0.17288947105407715
0.17399072647094727
0.17229247093200684
0.17281818389892578
0.17368388175964355
0.17417240142822266
0.173858642578125
0.17311596870422363
0.17663931846618652
0.17328190803527832
0.17700886726379395
0.17348122596740723
0.17152643203735352
0.17326903343200684
0.1737051010131836
0.182542085647583
0.18075942993164062
0.18266630172729492
0.1804351806640625
0.18188691139221191
0.18236160278320312
0.18137884140014648
0.1821892261505127
0.18154621124267578
0.17331838607788086
0.18136119842529297
0.17378687858581543
0.18190670013427734
0.16950011253356934
0.17750024795532227
0.18819022178649902
0.16467690467834473
0.15862202644348145
