0.21434354782104492
0.22282147407531738
0.1708061695098877
0.17139434814453125
0.1698017120361328
0.17043685913085938
0.17020535469055176
0.16646218299865723
0.17146730422973633
0.1666722297668457
0.16718578338623047
0.16720104217529297
0.1658477783203125
0.17110013961791992
0.16584038734436035
0.17323613166809082
0.17769384384155273
0.17336511611938477
0.1729140281677246
0.1729116439819336
0.17425107955932617
0.16598057746887207
0.17382502555847168
0.1648116111755371
0.16992688179016113
0.16463828086853027
0.1643681526184082
0.16406488418579102
0.16528081893920898
0.17296338081359863
0.16495633125305176
0.1655290126800537
0.1673736572265625
0.1640458106994629
0.1649799346923828
0.16423726081848145
0.16411995887756348
0.164656400680542
0.1645958423614502
0.17441105842590332
0.18196868896484375
0.17201447486877441
0.17224836349487305
0.17380452156066895
0.17338156700134277
0.16579675674438477
0.1719961166381836
0.16613459587097168
0.19497346878051758
0.17902874946594238
